CSC133 80 80 80 80 80 80 80 80 80 80 80 80 80 80
CSC133 80 80 80 80 80 80 80 88 88 88 88 88 88 88
CSC331 80 89 88	77 72 78 88 84 82 90
CSC385 77 79 87	87 72 78 88 84 82 90 90	80 80
CSC380 88 89 78	77 72 78 88 84 82 90
CSC231 90 99 68	67 72 78 88 84 82 90
CSC231 82 69 98	66 72 78 88 84 82 90 77 88 99 66 70 80
CSC133 66 92 72	85 72 78 88 84 82 90
CSC450 94 90 81	84 72 78 88 84 82 90
CSC450 70 96 85	87 72 78 88 84 82 90
CSC455 78 76 86	77 72 78 88 84 82 90
CSC475 86 90 80	97 72 78 88 84 82 90
CSC475 86 86 86	86 86 86 86 90 90 90 90 90 90 90
TEST 80 90 80 77 72 78 88 84 82 90